     0.455000     0.854517
     0.480000     0.891332
     0.505000     0.924012
     0.530000     0.966579
     0.555000      1.00000
     0.580000      1.01996
     0.605000      1.03372
     0.630000      1.04631
     0.655000      1.05833
     0.680000      1.06725
     0.705000      1.07264
     0.730000      1.07524
     0.755000      1.06622
     0.780000      1.04291
     0.805000      1.00671
     0.830000     0.959618
     0.855000     0.910917
     0.880000     0.871324
     0.905000     0.849098
     0.930000     0.840441
     0.955000     0.849621
     0.980000     0.871348
      1.00500     0.894195
      1.03000     0.913505
      1.05500     0.928235
      1.08000     0.943473
      1.10500     0.962452
      1.13000     0.980736
      1.15500     0.995024
      1.18000      1.00535
      1.20500      1.01214
      1.23000      1.01733
      1.25500      1.02403
      1.28000      1.03046
      1.30500      1.03846
      1.33000      1.04484
      1.35500      1.05042
      1.38000      1.05882
      1.40500      1.06597
      1.43000      1.07219
      1.45500      1.07576
      1.48000      1.07678
      1.50500      1.07668
      1.53000      1.07308
      1.55500      1.07049
      1.58000      1.06271
      1.60500      1.05540
      1.63000      1.04421
      1.65500      1.03548
      1.68000      1.02223
      1.70500      1.01146
      1.73000      1.00097
      1.75500     0.989476
      1.78000     0.980882
      1.80500     0.973330
      1.83000     0.966717
      1.85500     0.960856
      1.88000     0.957318
      1.90500     0.955441
      1.93000     0.952890
      1.95500     0.953649
      1.98000     0.956084
      2.00500     0.959766
      2.03000     0.965950
      2.05500     0.971660
      2.08000     0.976656
      2.10500     0.983868
      2.13000     0.989169
      2.15500     0.991872
      2.18000     0.997216
      2.20500      1.00413
      2.23000      1.01014
      2.25500      1.01400
      2.28000      1.01800
      2.30500      1.02312
      2.33000      1.02414
      2.35500      1.02535
      2.38000      1.02858
      2.40500      1.03055
      2.43000      1.03445
      2.45500      1.04145
