     0.455000     0.830279
     0.480000     0.871997
     0.505000     0.912264
     0.530000     0.961186
     0.555000      1.00000
     0.580000      1.02349
     0.605000      1.03615
     0.630000      1.04928
     0.655000      1.06219
     0.680000      1.07120
     0.705000      1.07583
     0.730000      1.07487
     0.755000      1.06478
     0.780000      1.03823
     0.805000     0.998804
     0.830000     0.951310
     0.855000     0.903326
     0.880000     0.867806
     0.905000     0.843816
     0.930000     0.834017
     0.955000     0.837918
     0.980000     0.852331
      1.00500     0.868789
      1.03000     0.884839
      1.05500     0.900255
      1.08000     0.916360
      1.10500     0.936965
      1.13000     0.957690
      1.15500     0.973924
      1.18000     0.986081
      1.20500     0.995789
      1.23000      1.00304
      1.25500      1.01047
      1.28000      1.01816
      1.30500      1.02623
      1.33000      1.03712
      1.35500      1.04734
      1.38000      1.05705
      1.40500      1.06731
      1.43000      1.07579
      1.45500      1.08326
      1.48000      1.08730
      1.50500      1.08917
      1.53000      1.08860
      1.55500      1.08725
      1.58000      1.08292
      1.60500      1.07719
      1.63000      1.06812
      1.65500      1.05869
      1.68000      1.05081
      1.70500      1.04141
      1.73000      1.03046
      1.75500      1.02054
      1.78000      1.01069
      1.80500      1.00306
      1.83000     0.995823
      1.85500     0.990421
      1.88000     0.986292
      1.90500     0.982788
      1.93000     0.981213
      1.95500     0.980826
      1.98000     0.982853
      2.00500     0.985986
      2.03000     0.989932
      2.05500     0.995173
      2.08000      1.00080
      2.10500      1.00709
      2.13000      1.01331
      2.15500      1.01811
      2.18000      1.02452
      2.20500      1.03161
      2.23000      1.03753
      2.25500      1.04272
      2.28000      1.04704
      2.30500      1.05161
      2.33000      1.05452
      2.35500      1.05667
      2.38000      1.05948
      2.40500      1.06365
      2.43000      1.06578
      2.45500	 1.06872 
