     0.455000     0.833320
     0.480000     0.875760
     0.505000     0.915138
     0.530000     0.963692
     0.555000      1.00000
     0.580000      1.02091
     0.605000      1.03258
     0.630000      1.04112
     0.655000      1.05306
     0.680000      1.06154
     0.705000      1.06430
     0.730000      1.06038
     0.755000      1.04932
     0.780000      1.02578
     0.805000     0.989694
     0.830000     0.945279
     0.855000     0.901908
     0.880000     0.864801
     0.905000     0.842204
     0.930000     0.829780
     0.955000     0.825897
     0.980000     0.832533
      1.00500     0.840162
      1.03000     0.849982
      1.05500     0.860353
      1.08000     0.874994
      1.10500     0.894794
      1.13000     0.916737
      1.15500     0.935972
      1.18000     0.948390
      1.20500     0.957741
      1.23000     0.966179
      1.25500     0.974392
      1.28000     0.982984
      1.30500     0.993382
      1.33000      1.00497
      1.35500      1.01574
      1.38000      1.02843
      1.40500      1.04293
      1.43000      1.05640
      1.45500      1.06536
      1.48000      1.07233
      1.50500      1.08008
      1.53000      1.08502
      1.55500      1.08474
      1.58000      1.08405
      1.60500      1.08111
      1.63000      1.07492
      1.65500      1.06903
      1.68000      1.06239
      1.70500      1.05470
      1.73000      1.04665
      1.75500      1.03718
      1.78000      1.03013
      1.80500      1.02355
      1.83000      1.01774
      1.85500      1.00967
      1.88000      1.00628
      1.90500      1.00314
      1.93000      1.00037
      1.95500      1.00028
      1.98000      1.00256
      2.00500      1.00511
      2.03000      1.00857
      2.05500      1.01262
      2.08000      1.01797
      2.10500      1.02319
      2.13000      1.02794
      2.15500      1.03024
      2.18000      1.03787
      2.20500      1.04447
      2.23000      1.04825
      2.25500      1.05254
      2.28000      1.05770
      2.30500      1.06287
      2.33000      1.06419
      2.35500      1.06476
      2.38000      1.06748
      2.40500      1.07117
      2.43000      1.07542
      2.45500      1.07942
